25598
27748
43538
52652
54428
77927
79016
83548
89892
98256
121942
125085
126031
127302
128742
134925
136207
142890
162736
166311
175049
183395
191523
200815
204812
215459
228465
230280
243759
254844
256074
264994
269723
286473
290739
297926
298384
300150
300505
306516
314002
318271
319660
322720
338966
342556
350132
368128
384182
416561
420987
453633
470407
472062
490893
518541
518592
522743
523307
523318
539031
541510
574274
584604
585720
598054
609457
618575
634604
637259
645753
673912
673977
676357
685738
689215
697856
702308
715155
725092
736367
748981
754984
762341
763709
766925
786996
805395
833487
843427
862036
878455
881958
899676
902841
927156
932275
932823
933271
943457
955289
965032
970482
972056
973269
990587
1003849
1005517
1009252
1010460
1012551
1020611
1021223
1023461
1032969
1050564
1063738
1074095
1101668
1109133
1122159
1122845
1148294
1156623
1165879
1168437
1177498
1181735
1182053
1189381
1193834
1232137
1256903
1269842
1270998
1274230
1282333
1302077
1302946
1310936
1311262
1344443
1357690
1365300
1366448
1376046
1409620
1411411
1411902
1413552
1426568
1429289
1439436
1439684
1443624
1452510
1467605
1468078
1469332
1474349
1478053
1493584
1500018
1512775
1548995
1570962
1572371
1584969
1598284
1605882
1612007
1627795
1632391
1638920
1645788
1652681
1670511
1674634
1687795
1700624
1707105
1709545
1728022
1732110
1736040
1777519
1779120
1791051
1817312
1856744
1872269
1890980
1896079
1951407
1960984
1964863
1971938
1982577
1995536
2010260
2022520
2040367
2051940
2060287
2067838
2074051
2075453
2090008
2091436
2119480
2137152
2163027
2163780
2171899
2172875
2195786
2209313
2210435
2210831
2221498
2225743
2234178
2238260
2238821
2276221
2295306
2297071
2301376
2306446
2326750
2336369
2344989
2347605
2372000
2383562
2388600
2396574
2417008
2430915
2431809
2452205
2456542
2459605
2473988
2481110
2488249
2493320
2494074
2497979
2499646
2513264
2518871
2525479
2539790
2546295
2556326
2558379
2563097
2574886
2585556
2588813
2590980
2597337
2598341
2606812
2608900
2619675
2631312
2659654
2681142
2693183
2709963
2754681
2763458
2768602
2794048
2805014
2809321
2814384
2837804
2846484
2865017
2897259
2932988
2940666
2943518
2954140
2955518
2961828
2982151
2993522
3001511
3028264
3029460
3041287
3054121
3076576
3078690
3097996
3106987
3110612
3112034
3113924
3121955
3122214
3135327
3137354
3146012
3148691
3148853
3149603
3159022
3178061
3183093
3189514
3196610
3198465
3216214
3223775
3238699
3240955
3261983
3268875
3278097
3287473
3290500
3297557
3299896
3311860
3331799
3334673
3341485
3357202
3373696
3376251
3404875
3425114
3439663
3440126
3460407
3474618
3481399
3509891
3512322
3516760
3518070
3561150
3573484
3603037
3607480
3611514
3622125
3623274
3635443
3655866
3671278
3673269
3674599
3677463
3684908
3700837
3703916
3704835
3716339
3724695
3733640
3739260
3765861
3770633
3774798
3794132
3794474
3795040
3796175
3798998
3799674
3820088
3826386
3846255
3873138
3920456
3924472
3925884
3932617
3933946
3936013
3973058
3980743
3981444
3983576
4003778
4018224
4029191
4038305
4059089
4066597
4084194
4085085
4100152
4116278
4124931
4125384
4128970
4165866
4198660
4206903
4224019
4224439
4258060
4261229
4262889
4276957
4281047
4284726
4290950
4292818
4308233
4308336
4315506
4330386
4337529
4348476
4354522
4355944
4358427
4363670
4372128
4378832
4388430
4393754
4422985
4425203
4429373
4431271
4450055
4453013
4459274
4459321
4462069
4485389
4486357
4492744
4495195
4507490
4517783
4521789
4526156
4531954
4539704
4546181
4549717
4550381
4574280
4584982
4586440
4597145
4598099
4609801
4610026
4618534
4622435
4651708
4652128
4662954
4715566
4722902
4730409
4743526
4758226
4762335
4769297
4773888
4786954
4790736
4805067
4833732
4845697
4851941
4854950
4873656
4875930
4901630
4926437
4927270
4946275
4977603
5010167
5012812
5014277
5052305
5056910
5057931
5059143
5059351
5069464
5075131
5085768
5092384
5094458
5100428
5111968
5121776
5139527
5141269
5143950
5152917
5160313
5162301
5180778
5185648
5199907
5202261
5219032
5222700
5233459
5236542
5239124
5240652
5242167
5256493
5298647
5302784
5308693
5313984
5323042
5325249
5330047
5346578
5351778
5352209
5389929
5391956
5399893
5409486
5413263
5419010
5423714
5430479
5446582
5447973
5454919
5464002
5465717
5469028
5475319
5477413
5494906
5498868
5510944
5532475
5533467
5536718
5542335
5544256
5551170
5582690
5583916
5585150
5616271
5617936
5641125
5654117
5659716
5660458
5662904
5676896
5682114
5687003
5690010
5708905
5719906
5757802
5764264
5764371
5778342
5783739
5788999
5801760
5802646
5811450
5820651
5821789
5821900
5831861
5853443
5861113
5873712
5896762
5905664
5907388
5914097
5914175
5931583
5941812
5945890
5959352
5963542
5972199
5975385
5976493
5982845
5984274
5986495
5999529
6015203
6025187
6033181
6037325
6085979
6086550
6096275
6132973
6133976
6135338
6147168
6150964
6154692
6165959
6168727
6182562
6194060
6204646
6207333
6222981
6229538
6231098
6237888
6239774
6241430
6244142
6251774
6252463
6268661
6288064
6290233
6298577
6353986
6374123
6382382
6412804
6429815
6433316
6435088
6438928
6451045
6471082
6480144
6485878
6493608
6496782
6514501
6518487
6523471
6525912
6538850
6540045
6545683
6547145
6552325
6559733
6573294
6578585
6578813
6583100
6586739
6591226
6606898
6616295
6617034
6618945
6664061
6668869
6671642
6685829
6727694
6736539
6753940
6766910
6781569
6793060
6795016
6798937
6806530
6820158
6826343
6847016
6863973
6922283
6923547
6926376
6939072
6954905
6962772
6973724
7000572
7005843
7006309
7021121
7022131
7035492
7046545
7055369
7061223
7071713
7086222
7101634
7101973
7107521
7113767
7115677
7123796
7129360
7131898
7132178
7138018
7161240
7193417
7197110
7213746
7220816
7231259
7236885
7241499
7243808
7256773
7264937
7280227
7295450
7296158
7305085
7311985
7343852
7344879
7369031
7377441
7379866
7381444
7386514
7390006
7395790
7414805
7418983
7423471
7428037
7432699
7493217
7494545
7504610
7509531
7514001
7517904
7547091
7553794
7558396
7592168
7597201
7602823
7611308
7624999
7627166
7640922
7650057
7669751
7687000
7708877
7709642
7713667
7720926
7728929
7735128
7754485
7763575
7764385
7767825
7771524
7796280
7817318
7821795
7826232
7828863
7852909
7865583
7872095
7872826
7890117
7924432
7928756
7934757
7937247
7938469
7943272
7956011
7969947
7986671
8000535
8001624
8006978
8026991
8029865
8045416
8047740
8057094
8068728
8072300
8077789
8084700
8090010
8099206
8100922
8104519
8109996
8134111
8135640
8144269
8152330
8168674
8199680
8240223
8274525
8288740
8294435
8295840
8298023
8302783
8309327
8314914
8326413
8326923
8329790
8336914
8344781
8358906
8364229
8374015
8374302
8402145
8405067
8416697
8431782
8434306
8440821
8443802
8454987
8496807
8503094
8504028
8505879
8508988
8513923
8522984
8532600
8536193
8539746
8543294
8567178
8573656
8595465
8604788
8613096
8613802
8614943
8618174
8639375
8685521
8685615
8691063
8707833
8712903
8727723
8753278
8763182
8764751
8772051
8775078
8787767
8793112
8798531
8822868
8823763
8833918
8860817
8861834
8868769
8869723
8874995
8875173
8883092
8893533
8899319
8901603
8915767
8921945
8924147
8939011
8941701
8954091
8958561
8959429
8960547
8972883
8986627
8991247
8994453
9024028
9039796
9041088
9041854
9060591
9067202
9074549
9078411
9080508
9084289
9101475
9103388
9117868
9118581
9119494
9124156
9132943
9135635
9137238
9148807
9167902
9195696
9196906
9207829
9218008
9222089
9230655
9234097
9236632
9237292
9242133
9248639
9252666
9258350
9265530
9270118
9294010
9295012
9298076
9298282
9317919
9318616
9333009
9337094
9338550
9349635
9369382
9373741
9384033
9397260
9402213
9422989
9427872
9442057
9442333
9448264
9470098
9475398
9498580
9527536
9557087
9563830
9566288
9577116
9583811
9599395
9602403
9604308
9613545
9618279
9637977
9649699
9656462
9660395
9672364
9676829
9691498
9691909
9708479
9710682
9719220
9724379
9732996
9733822
9743983
9751182
9755510
9765930
9771688
9772733
9779641
9784417
9790299
9806514
9808579
9816242
9819105
9824668
9833902
9834604
9836039
9845287
9847940
9858896
9864672
9867511
9871889
9888821
9892667
9898345
9900857
9903406
9909486
9920982
9921056
9932025
9950220
9967228
9970557
9971580
9975748
